0.1895
0.9810
1.7266
2.4512
3.1665
3.9443
4.8535
5.8120
6.6338
7.3989
8.1333
8.8403
9.5547
10.2568
10.9497
11.6592
12.6982
13.5576
14.4707
15.3589
16.2349
17.0664
17.9268
18.8071
19.7246
20.6465
21.5903
22.5693
23.4771
24.3467
25.1382
25.8999
26.6665
27.4253
28.1885
28.9399
29.6738
30.3696
31.0498
31.7266
32.3970
33.0444
33.6929
34.3335
34.9707
35.5752
36.2397
36.8784
37.6563
38.4224
39.1943
39.9209
40.5674
41.2354
41.9619
43.0938
44.1450
45.1387
46.0610
46.9751
47.7837
48.5415
49.3188
50.1177
51.0220
51.9565
52.8521
53.6685
54.4614
55.2910
56.1948
57.0898
57.9824
58.8584
59.7256
60.5405
61.2900
61.9927
62.6973
63.4395
64.2681
65.1758
66.1108
67.0601
68.0322
68.9697
69.8296
70.7017
71.5723
72.3838
73.1460
73.9150
74.6460
75.4063
76.1631
76.9116
77.7378
78.6895
79.6675
80.6294
81.5630
82.4272
83.2803
84.1167
84.9351
85.7568
86.6060
87.4834
88.3774
89.2637
90.1553
91.0630
91.9629
92.8501
93.7651
94.6616
95.5449
96.3921
97.2690
98.1479
99.0283
99.8789
100.7656
101.6504
102.5244
103.3506
104.2017
105.0552
105.9004
106.7266
107.5752
108.4429
109.3105
110.1675
111.0405
111.9233
112.7935
113.5947
114.3799
115.1387
115.8755
116.5737
117.2773
117.9897
118.9575
120.0405
121.0732
122.0176
122.9565
123.8838
124.7520
125.6079
126.4468
127.2959
128.0991
128.9248
129.7651
130.6475
131.5352
132.4448
133.3896
134.3789
135.3140
136.2432
137.1626
138.0518
138.8779
139.7417
140.6406
141.5425
142.4194
143.3350
144.2534
145.1699
146.0664
146.9585
147.8667
148.7705
149.6240
150.5166
151.4307
152.3765
153.2715
154.1968
155.1128
156.0278
156.8867
157.7793
158.6992
159.5815
160.4233
161.2866
162.1699
163.0454
163.8950
164.7485
165.5913
166.4497
167.2427
168.0479
168.8667
169.7012
170.5439
171.4150
172.3101
173.2378
174.1104
175.0044
175.8979
176.7656
177.5991
178.4502
179.2974
180.1284
180.9824
181.8652
182.7725
183.6353
184.4756
185.2778
186.0737
186.8618
187.6802
188.5381
189.4561
190.3706
191.3257
192.2817
193.1816
194.0830
194.9507
195.8086
196.6367
197.4727
198.3398
199.2212
200.0776
200.9634
201.8604
202.7485
203.5918
204.4570
205.3164
206.1563
206.9766
207.8071
208.6128
209.3633
210.0747
210.7749
211.4746
212.1392
212.8804
213.5889
214.2993
215.0088
215.7026
216.3789
217.0469
217.7012
218.3555
219.0479
219.8257
220.6304
221.4497
222.2661
223.1172
224.0117
224.8945
225.7964
226.7119
227.6279
228.5269
229.4194
230.3306
231.2334
232.1318
233.0522
233.9683
234.8926
235.7866
236.6821
237.5864
238.4819
239.3491
240.2222
241.1211
242.0132
242.8896
243.7588
244.6382
245.5161
246.3750
247.2529
248.1284
249.0527
249.9604
250.8862
251.8252
252.7495
253.6353
254.5063
255.3701
256.2104
256.9722
257.7334
258.4429
259.1777
259.8857
260.6201
261.3652
262.1128
262.9053
263.7925
264.6724
265.5693
266.4209
267.2676
268.0801
268.9106
269.7568
270.6001
271.1436
271.9707
272.8198
273.6860
274.5464
275.4004
276.2671
277.1396
278.0215
278.8535
279.6968
280.5396
281.4116
282.2783
283.1523
284.0166
284.8936
285.7612
286.6113
287.4810
288.3555
289.2314
290.0630
290.9004
291.7275
292.5747
293.3901
294.2515
295.1191
296.0049
296.8638
297.7383
298.6265
299.4873
300.3413
301.1787
302.0127
302.8286
303.6318
304.4370
305.2490
306.0522
306.8286
307.6348
308.4731
309.3496
310.2075
311.0850
311.9917
312.8896
313.7256
314.5781
315.4131
316.2627
317.0757
317.9180
318.7700
319.6265
320.4556
321.3120
322.1812
323.0605
323.9141
324.7861
325.6802
326.5449
327.4136
328.2686
329.1162
329.9424
330.7964
331.6763
332.5479
333.3921
334.2476
335.1143
335.9751
336.8569
337.7397
338.6309
339.4839
340.3467
341.2007
342.0469
342.8687
343.7173
344.5708
345.4180
346.2271
347.0459
347.8594
348.6870
349.4834
350.3223
351.1846
352.0586
352.8999
353.7065
354.5161
355.3330
356.1768
356.9980
357.8486
358.7285
359.5771
360.3975
361.1890
361.9624
362.6982
363.4092
364.1230
364.8120
365.4902
366.2261
367.0034
367.8159
368.6899
369.5918
370.4619
371.3018
372.1792
373.0781
373.9800
374.8306
375.6860
376.5249
377.3770
378.2163
379.0747
379.9526
380.8584
381.7495
382.6094
383.4834
384.3540
385.2222
386.0630
386.9316
387.8086
388.6943
389.5425
390.3857
391.2393
392.1016
392.9849
393.8120
394.6416
395.4766
396.3169
397.1279
397.9736
398.8486
399.7397
400.5898
401.4668
402.3472
403.2090
404.0317
404.8618
405.6968
406.5386
407.3408
408.1587
408.9805
409.8037
410.5850
411.3745
412.1758
412.9932
413.8071
414.6338
415.4683
416.2949
417.1064
417.8843
418.6724
419.4702
420.2905
421.0962
421.9429
422.7515
423.5591
424.2959
425.0610
425.7749
426.4722
427.1631
427.8755
428.5576
429.3105
430.1118
431.0024
431.8818
432.7393
433.5977
434.4336
435.2290
436.0186
436.8135
437.6182
438.4385
439.2305
440.0430
440.8564
441.7109
442.5562
443.4526
444.3818
445.3081
446.1680
447.0415
447.9126
448.7861
449.6123
450.4390
451.2593
452.0938
452.9131
453.7529
454.5776
455.4023
456.1929
457.0005
457.8105
458.6343
459.4385
460.2627
461.0894
461.9023
462.6816
463.4482
464.2231
465.0356
465.8750
466.6587
467.4639
468.2612
469.0854
469.8726
470.6563
471.4355
472.1992
472.9419
473.7104
474.5083
475.3413
476.1909
477.0103
477.8467
478.6743
479.4624
480.2256
480.9482
481.6431
482.3252
483.0273
483.7539
484.5234
485.4419
486.3472
487.2729
488.1753
489.0791
489.9854
490.8613
491.6963
492.5308
493.3838
494.2163
495.0405
495.8623
496.6792
497.4810
498.2974
499.1689
500.0464
500.9004
501.6763
502.4438
503.2065
504.0054
504.8125
505.6724
506.5498
507.4590
508.3164
509.1812
510.0391
510.8872
511.6987
512.5234
513.3574
514.2021
515.0103
515.8296
516.6641
517.4966
518.3110
519.1348
519.9683
520.8228
521.6494
522.4712
523.2935
524.1206
524.9209
525.7197
526.5220
527.3315
528.1533
528.9526
529.7666
530.5713
531.4004
532.1963
532.9985
533.8076
534.6123
535.4146
536.2026
536.9551
537.6675
538.3730
539.1060
539.8906
540.6924
541.4692
542.2827
543.0908
543.8657
544.6206
545.3628
546.0679
546.7402
547.3726
548.0083
548.6357
549.2856
549.9595
550.7251
551.6816
552.4580
553.1914
553.9097
554.5830
555.2593
555.9604
556.6304
557.2939
557.9556
558.6025
559.2358
559.8774
560.4932
561.1221
561.7344
562.3354
562.9478
563.5459
564.1968
564.8965
565.6445
566.4082
567.1709
567.9038
568.6089
569.2563
569.9136
570.5503
571.2158
571.8755
572.5498
573.3091
574.5107
575.5981
576.6138
577.5830
578.6011
579.6221
580.5811
581.4546
582.3062
583.0635
583.7788
584.5049
585.4985
586.5850
587.6133
588.6689
589.7827
590.7910
591.7974
592.7651
593.6812
594.4829
595.2324
595.9888
596.7681
597.5713
598.3804
599.2012
599.9932
600.7544
601.5352
602.3115
603.0874
603.8481
604.5967
605.3647
606.2168
607.1016
608.0039
608.9063
609.8071
610.6997
611.5508
612.3345
613.0815
613.7822
614.4639
615.1475
615.8433
616.6025
617.5835
618.5181
619.4580
620.4067
621.3564
622.2754
623.1489
623.9868
624.8120
625.6074
626.4326
627.2578
628.0918
628.9004
629.6362
630.3730
631.0781
631.8047
632.5332
633.3672
634.2437
635.1655
636.0449
636.9111
637.7261
638.5269
639.2827
640.0063
640.7056
641.4224
642.1206
642.8394
643.6401
644.5176
645.4053
646.2422
647.0518
647.9307
648.8218
649.7524
650.6855
651.6309
652.5435
653.3813
654.2051
655.0352
655.8623
656.7134
657.5981
658.4888
659.3643
660.2036
661.0425
661.8828
662.6875
663.4878
664.2896
665.0791
665.8418
666.6201
667.4126
668.2134
669.0029
669.7925
670.5850
671.3892
672.1748
672.9409
673.7339
674.5234
675.3237
676.0825
676.8994
677.6699
678.4575
679.1802
679.8960
680.5786
681.2192
681.8442
682.4751
683.1226
683.8047
684.5078
685.2124
685.8804
686.5229
687.1826
687.8501
688.5396
689.2661
689.9580
690.6084
691.2832
692.0098
692.7783
693.6089
694.4834
695.3506
696.1714
697.0034
697.8398
698.6890
699.5117
700.3433
701.1870
702.0317
702.8315
703.6274
704.3799
705.1172
705.8350
706.5659
707.3096
708.0205
708.8306
709.7241
710.5581
711.3579
712.1133
712.8662
713.6318
714.3945
715.0972
715.8154
716.5176
717.2563
717.9595
718.6660
719.3950
720.1665
721.0171
721.8584
722.7744
723.6689
724.5684
725.4404
726.3008
727.1475
727.9653
728.8013
729.6729
730.5513
731.4214
732.2637
733.0923
733.9014
734.6885
735.4722
736.2959
737.1704
738.0405
738.9067
739.7852
740.6846
741.5190
742.3657
743.2173
744.0981
744.9185
745.7383
746.5879
747.4614
748.2988
749.1406
750.0273
750.9512
751.8413
752.6812
753.5469
754.4258
755.3169
756.1577
757.0391
757.9248
758.7964
759.6108
760.4707
761.3320
762.2100
763.0205
763.8555
764.7026
765.5811
766.4263
767.3237
768.2192
769.0732
769.8901
770.7158
771.5615
772.4370
773.2710
774.1108
774.9268
775.7510
776.5503
777.3857
778.2212
779.0625
779.8540
780.6636
781.4722
782.2930
783.0864
783.9116
784.7554
785.6221
786.4302
787.2266
787.9839
788.7510
789.4443
790.1426
790.8237
791.5581
792.3872
793.1489
793.9517
794.8008
795.6406
796.4438
797.2700
798.0825
798.8706
799.6309
800.4019
801.1787
801.9883
802.7588
803.5679
804.4175
805.2861
806.1353
807.0015
807.8818
808.7280
809.5317
810.3164
811.0815
811.8188
812.5298
813.2339
813.9561
814.6665
815.3599
816.0894
816.8325
817.5737
818.3687
819.1973
820.0264
820.8486
821.6196
822.4229
823.2524
824.1484
825.0142
825.8745
826.7686
827.6919
828.5962
829.4209
830.2051
831.0010
831.8364
832.7329
833.6299
834.5591
835.5205
836.4468
837.3022
838.1602
839.0146
839.8901
840.7329
841.6211
842.5405
843.4453
844.3149
845.1377
845.9292
846.7017
847.4360
848.1851
848.8765
849.5630
850.2686
851.0161
851.7598
852.4927
853.1919
853.9556
854.7500
855.5757
856.4448
857.2534
858.0171
858.7529
859.4888
860.2192
860.9614
861.6616
862.3643
863.0879
863.8447
864.7144
865.5869
866.4316
867.2168
868.0254
868.8394
869.6523
870.4482
871.1919
871.9126
872.6509
873.3701
874.1060
874.9009
875.8501
876.9233
877.9653
878.9497
879.9180
880.8247
881.7104
882.5688
883.4165
884.2432
885.0776
885.9258
886.7661
887.5703
888.3418
889.0967
889.8672
890.6353
891.4268
892.2329
892.9912
893.7607
894.5366
895.3496
896.1694
897.0522
897.9541
898.8550
899.7012
900.5674
901.4443
902.2827
903.1064
903.8853
904.6255
905.3569
906.0483
906.7759
907.5156
908.2529
908.9697
909.6719
910.3564
911.0488
911.7490
912.5313
913.4434
914.3574
915.2378
916.0903
916.8916
917.6597
918.3652
919.0503
919.7231
920.3784
921.0220
921.6655
922.3867
923.1582
923.9219
924.7021
925.5469
926.4326
927.3374
928.2188
929.0649
929.8833
930.6997
931.5005
932.2969
933.0923
933.8760
934.6250
935.3511
936.0479
936.7236
937.4102
938.1357
938.8237
939.5889
940.2935
941.0444
941.7334
942.5005
943.4746
944.3589
945.2808
946.1763
947.0425
947.8833
948.6812
949.4243
950.1289
950.8018
951.4673
952.1289
952.8091
953.5088
954.2979
955.4937
956.5308
957.4297
958.3169
959.3140
960.4233
961.4741
962.4541
963.3291
964.1431
964.9131
965.6392
966.3721
967.1206
967.9927
968.9072
969.8882
970.8115
971.6870
972.5396
973.4063
974.2417
975.0586
975.8726
976.6147
977.3735
978.1602
979.0005
979.9023
980.8467
981.8213
982.7603
983.6265
984.4648
985.2505
986.0449
986.7788
987.4824
988.2256
988.9922
989.7729
990.5664
991.3652
992.1978
993.0786
993.9238
994.7480
995.5493
996.3311
997.0889
997.8643
998.6543
999.4463
1000.2007
1001.0054
1001.7939
1002.5796
1003.3530
1004.1250
1004.8755
1005.5957
1006.3110
1006.9829
1007.6680
1008.3574
1009.0313
1009.7319
1010.5005
1011.3101
1012.0879
1012.8643
1013.6533
1014.4531
1015.2305
1016.0049
1016.7563
1017.5000
1018.2397
1018.9766
1019.7051
1020.4482
1021.1597
1021.9165
1022.6890
1023.4717
1024.2349
1024.9888
1025.7935
1026.5503
1027.2979
1028.0513
1028.7920
1029.5210
1030.2349
1030.9360
1031.6611
1032.3638
1033.0474
1033.7407
1034.4438
1035.1289
1035.7871
1036.4268
1037.0898
1037.7808
1038.5103
1039.2451
1039.9712
1040.6973
1041.4268
1042.1328
1042.8340
1043.5249
1044.2188
1044.9180
1045.6353
1046.3555
1047.0703
1047.8145
1048.5220
1049.2446
1049.9863
1050.7539
1051.5029
1052.3018
1053.1416
1053.9424
1054.7808
1055.5923
1056.3701
1057.1196
1057.8818
1058.6348
1059.3491
1060.0879
1060.8389
1061.6211
1062.3965
1063.1626
1063.9492
1064.7666
1065.5923
1066.4126
1067.2070
1067.9683
1068.7061
1069.4521
1070.1763
1070.8940
1071.6504
1072.3940
1073.1108
1073.8237
1074.5474
1075.3149
1076.0913
1076.8813
1077.6821
1078.4517
1079.1870
1079.9360
1080.7134
1081.4883
1082.2241
1082.9634
1083.7114
1084.4727
1085.2251
1085.9800
1086.7173
1087.4873
1088.2246
1088.9326
1089.6660
1090.4448
1091.2651
1092.1025
1092.9165
1093.7070
1094.4766
1095.2197
1095.9551
1096.6982
1097.4424
1098.1743
1098.9170
1099.6660
1100.4116
1101.1421
1101.8760
1102.6099
1103.3530
1104.0762
1104.7744
1105.4414
1106.1084
1106.7871
1107.4824
1108.1768
1108.8979
1109.5972
1110.2837
1110.9927
1111.7070
1112.3999
1113.0967
1113.8394
1114.5884
1115.3477
1116.1226
1116.9102
1117.6621
1118.3579
1119.0420
1119.7148
1120.3491
1121.0205
1121.6665
1122.3545
1123.0610
1123.8115
1124.6050
1125.4189
1126.2441
1127.0752
1127.8828
1128.6509
1129.3965
1130.1641
1130.9561
1131.7451
1132.5234
1133.2827
1134.0581
1134.8691
1135.7129
1136.5269
1137.3540
1138.1484
1138.9111
1139.7344
1140.5742
1141.3403
1142.0376
1142.8042
1143.6494
1144.4351
1145.1841
1145.9131
1146.6299
1147.3521
1148.0913
1148.8281
1149.5371
1150.2627
1151.0430
1151.7568
1152.4834
1153.2031
1153.9609
1154.7393
1155.6685
1156.6118
1157.5200
1158.4106
1159.3003
1160.1299
1160.9146
1161.6318
1162.3359
1163.0361
1163.7607
1164.4653
1165.2334
1166.1123
1166.9814
1167.7598
1168.4902
1169.1904
1169.8506
1170.5273
1171.1733
1171.8540
1172.5518
1173.2783
1174.0288
1174.7651
1175.4795
1176.2725
1177.0591
1177.8232
1178.5957
1179.3867
1180.2061
1180.9629
1181.7144
1182.4507
1183.2026
1183.9321
1184.7129
1185.5186
1186.3730
1187.2046
1188.0483
1188.8501
1189.6582
1190.4136
1191.1704
1191.9268
1192.6997
1193.4414
1194.1978
1194.9360
1195.7002
1196.4302
1197.1694
1197.9209
1198.7090
1199.4668
1200.2896
1201.0835
1201.9321
1202.7241
1203.5171
1204.3115
1205.0894
1205.8701
1206.6519
1207.4658
1208.2456
1209.0371
1209.8145
1210.6045
1211.3716
1212.1387
1212.9048
1213.6665
1214.4209
1215.2139
1216.0508
1216.8594
1217.6816
1218.5020
1219.3394
1220.1743
1220.9741
1221.7402
1222.5049
1223.2339
1223.9077
1224.5869
1225.2207
1225.8501
1226.4697
1227.1089
1227.7959
1228.5635
1229.4644
1230.2734
1231.1138
1231.9409
1232.7383
1233.5205
1234.3047
1235.0547
1235.7534
1236.4365
1237.0942
1237.7427
1238.4141
1239.1147
1240.0029
1241.1421
1242.0703
1242.9731
1243.8647
1244.7495
1245.5913
1246.4316
1247.2422
1248.0269
1248.7954
1249.5459
1250.2954
1251.0273
1251.7979
1252.5903
1253.4312
1254.2183
1255.0186
1255.8198
1256.6045
1257.3672
1258.1650
1258.9805
1259.8105
1260.6367
1261.4624
1262.2515
1263.0190
1263.7798
1264.5088
1265.2065
1265.8950
1266.5635
1267.2446
1268.0083
1268.9570
1269.8516
1270.7402
1271.6631
1272.5537
1273.4004
1274.2148
1274.9492
1275.6768
1276.3691
1277.0547
1277.7715
1278.5195
1279.2627
1279.9805
1280.7334
1281.5264
1282.2568
1282.9902
1283.6860
1284.4160
1285.2051
1286.0845
1287.0122
1287.9048
1288.7651
1289.6050
1290.4077
1291.2222
1292.0420
1292.8882
1293.7202
1294.5537
1295.3984
1296.2466
1297.1196
1297.9351
1298.7666
1299.5825
1300.3560
1301.0913
1301.7715
1302.5347
1303.2876
1304.0786
1304.9121
1305.7725
1306.5869
1307.4048
1308.2090
1309.0073
1309.7739
1310.5435
1311.3193
1312.1060
1312.8999
1313.6934
1314.5127
1315.3101
1316.1191
1316.9546
1317.7754
1318.5962
1319.3906
1320.1816
1320.9536
1321.6997
1322.4385
1323.1772
1323.9111
1324.6572
1325.4263
1326.2217
1327.0176
1327.8687
1328.6963
1329.5298
1330.3271
1331.1216
1331.8955
1332.6372
1333.3896
1334.1323
1334.8945
1335.6538
1336.4229
1337.1831
1337.9092
1338.6689
1339.4316
1340.1865
1340.8936
1341.6616
1342.4644
1343.2876
1344.0513
1344.7925
1345.4868
1346.1719
1346.8579
1347.5483
1348.2471
1348.9429
1349.6680
1350.3662
1351.0654
1351.7803
1352.5371
1353.3022
1354.1030
1354.9380
1355.7334
1356.5068
1357.3032
1358.0947
1358.8867
1359.6499
1360.4204
1361.1938
1361.9600
1362.7183
1363.4927
1364.2671
1365.0029
1365.7793
1366.5786
1367.3765
1368.1323
1368.9043
1369.6714
1370.4185
1371.1509
1371.8828
1372.6123
1373.3179
1374.0000
1374.7114
1375.4565
1376.2241
1376.9990
1377.7573
1378.5713
1379.3447
1380.0605
1380.7329
1381.3833
1382.0112
1382.6445
1383.3179
1384.0337
1384.8530
1385.7310
1386.5747
1387.4229
1388.2002
1388.9712
1389.7158
1390.4824
1391.2168
1391.9849
1392.7568
1393.5771
1394.4150
1395.2153
1396.1592
1397.0000
1397.8286
1398.6172
1399.3711
1400.0576
1400.7188
1401.3394
1401.9258
1402.5234
1403.1338
1403.7598
1404.4321
1405.1792
1405.9282
1406.7407
1407.4990
1408.2642
1408.9907
1409.7026
1410.3857
1411.0640
1411.7627
1412.5005
1413.2842
1414.0669
1414.8032
1415.5024
1416.2012
1416.9546
1417.7183
1418.5962
1419.4395
1420.1963
1420.9561
1421.7422
1422.5820
1423.4360
1424.2480
1424.9653
1425.6982
1426.4194
1427.1997
1427.9902
1428.8442
1429.9199
1430.7876
1431.6147
1432.4731
1433.3472
1434.1802
1434.9517
1435.7168
1436.4868
1437.3003
1438.1011
1438.9175
1439.7168
1440.4951
1441.2383
1442.0107
1442.7983
1443.5967
1444.3721
1445.1768
1446.0103
1446.8179
1447.6094
1448.4224
1449.1899
1449.9619
1450.7300
1451.4976
1452.2583
1452.9966
1453.7339
1454.4829
1455.2334
1456.0127
1456.7651
1457.5439
1458.3208
1459.1299
1459.9268
1460.7227
1461.5371
1462.3745
1463.1470
1463.9277
1464.7280
1465.4941
1466.2393
1466.9214
1467.5991
1468.2554
1468.9414
1469.6206
1470.2822
1470.9980
1471.7920
1472.7021
1473.5435
1474.4502
1475.3423
1476.1362
1476.8843
1477.5981
1478.2935
1479.0200
1479.7637
1480.5088
1481.2661
1482.0176
1482.7163
1483.4014
1484.1089
1484.8638
1485.5908
1486.3481
1487.1929
1488.1709
1489.1357
1489.9683
1490.8770
1491.7632
1492.6108
1493.4771
1494.2910
1495.0610
1495.8281
1496.5322
1497.2300
1497.8911
1498.5308
1499.1733
1499.8193
1500.5254
1501.3379
1502.2671
1503.1533
1504.0229
1504.8818
1505.7422
1506.5200
1507.2646
1507.9800
1508.7104
1509.4341
1510.1875
1510.9072
1511.5962
1512.2905
1513.0156
1513.7412
1514.5508
1515.4019
1516.2007
1516.9595
1517.6855
1518.4194
1519.1636
1519.8662
1520.6230
1521.3657
1522.0962
1522.8105
1523.5640
1524.3359
1525.1343
1525.9155
1526.7075
1527.5015
1528.2754
1529.0161
1529.7505
1530.4941
1531.2217
1531.9473
1532.6968
1533.5078
1534.3169
1535.4800
1536.3892
1537.2017
1537.9629
1538.7104
1539.4517
1540.2065
1541.0762
1542.0376
1542.9712
1543.8794
1544.7466
1545.6279
1546.5371
1547.4600
1548.3716
1549.2471
1550.0962
1550.9302
1551.7261
1552.4893
1553.2139
1553.9355
1554.7290
1555.5352
1556.3687
1557.1582
1557.9531
1558.7612
1559.5522
1560.3145
1561.0615
1561.7871
1562.5000
1563.2090
1563.9097
1564.6245
1565.3442
1566.0747
1566.8267
1567.5835
1568.3320
1569.0474
1569.7466
1570.4458
1571.1455
1571.9087
1572.6870
1573.4868
1574.2915
1575.0894
1575.8789
1576.7002
1577.4888
1578.2813
1579.0562
1579.8145
1580.5342
1581.2334
1581.8848
1582.5620
1583.2490
1583.9785
1584.7896
1585.6611
1586.4155
1587.2163
1587.9639
1588.7256
1589.4873
1590.2471
1591.0654
1591.9307
1592.7993
1593.6108
1594.4438
1595.2622
1596.0444
1596.7813
1597.4897
1598.2153
1598.9761
1599.7607
1600.5620
1601.3267
1602.1172
1602.8706
1603.5835
1604.2485
1604.9336
1605.5767
1606.1978
1606.8613
1607.5283
1608.2417
1609.0552
1609.8657
1610.6997
1611.5405
1612.3770
1613.1680
1613.8984
1614.6167
1615.3091
1615.9839
1616.6401
1617.2993
1617.9839
1618.8276
1619.6743
1620.5713
1621.4204
1622.2891
1623.1655
1624.0347
1624.9004
1625.7056
1626.5249
1627.3350
1628.1416
1628.9277
1629.7241
1630.5215
1631.2759
1632.0029
1632.7100
1633.4019
1634.1055
1634.8105
1635.5352
1636.2559
1636.9780
1637.7402
1638.6704
1639.5688
1640.4814
1641.3149
1642.1455
1642.9316
1643.7041
1644.4194
1645.0996
1645.7695
1646.4312
1647.0869
1647.7710
1648.4482
1649.1924
1650.1792
1651.0366
1652.0054
1652.9717
1653.9014
1654.7505
1655.5874
1656.3999
1657.2061
1657.9844
1658.7876
1659.5791
1660.4009
1661.2007
1662.0254
1662.8643
1663.7085
1664.5293
1665.3379
1666.1411
1666.9243
1667.6553
1668.3223
1668.9937
1669.6377
1670.3130
1671.0825
1671.8701
1672.7876
1673.7354
1674.6299
1675.5469
1676.4854
1677.3257
1678.1890
1679.0684
1679.9053
1680.7256
1681.5352
1682.3335
1683.0991
1683.9150
1684.7407
1685.5815
1686.3594
1687.1235
1687.8555
1688.6011
1689.3228
1690.0117
1690.7383
1691.4624
1692.1963
1692.9111
1693.5884
1694.3286
1695.0298
1695.7510
1696.4858
1697.2207
1697.9487
1698.6885
1699.4375
1700.1899
1700.9258
1701.6504
1702.3667
1703.0830
1703.8418
1704.8916
1705.8550
1706.8032
1707.6904
1708.5078
1709.2686
1709.9736
1710.6602
1711.3179
1711.9663
1712.6289
1713.4482
1714.3550
1715.3501
1716.3550
1717.2969
1718.2554
1719.2036
1720.1104
1721.0269
1721.8823
1722.8101
1723.7124
1724.5703
1725.3989
1726.2515
1727.1270
1728.0200
1728.8413
1729.6763
1730.4727
1731.2354
1731.9702
1732.7207
1733.5171
1734.3271
1735.0645
1735.8125
1736.6304
1737.4907
1738.3047
1739.0679
1739.8672
1740.6748
1741.4878
1742.2241
1742.9805
1743.7495
1744.5576
1745.3838
1746.1875
1747.0547
1747.9604
1748.8774
1749.7446
1750.5601
1751.3623
1752.1772
1753.0098
1753.8730
1754.7026
1755.5654
1756.4292
1757.2847
1758.0986
1758.9111
1759.7339
1760.5278
1761.2954
1762.0972
1762.9126
1763.7524
1764.6152
1765.4341
1766.2622
1767.0674
1767.8457
1768.5947
1769.2954
1770.0015
1770.6782
1771.4243
1772.5640
1773.6118
1774.6367
1775.6157
1776.5195
1777.3955
1778.2246
1778.9580
1779.6650
1780.3413
1780.9912
1781.6333
1782.2749
1782.9204
1783.5742
1784.2222
1784.8472
