0.5039
1.2939
2.0957
2.8696
3.6235
4.3760
5.1567
6.0283
6.9429
7.7866
8.6040
9.4375
10.3584
11.3472
12.3242
13.2178
14.1533
14.9961
15.7959
16.5557
17.2563
17.9663
18.6528
19.3501
20.0820
20.8252
21.5386
22.2642
22.9541
23.6118
24.2422
24.9082
25.5708
26.2495
26.9082
27.5928
28.3062
29.0786
29.8550
30.6333
31.4683
32.3350
33.1519
34.0068
34.8301
35.6602
36.4692
37.2939
38.1240
39.1040
40.2007
41.2236
42.2632
43.3418
44.3691
45.3657
46.3755
47.3931
48.3701
49.3730
50.3413
51.2837
52.1592
53.0757
54.0146
54.9487
55.8213
56.6631
57.4556
58.2490
59.0332
59.8530
60.7134
61.6338
62.5103
63.4536
64.4209
65.4014
66.3135
67.3276
68.4004
69.4751
70.4741
71.5039
72.6260
73.5625
74.3818
75.2012
76.0015
76.7827
77.7148
78.8408
79.9277
81.0801
82.2124
83.2422
84.2886
85.3140
86.2876
87.1670
88.1040
89.1523
90.3066
91.3389
92.4614
93.6362
94.7983
95.9468
97.1338
98.2773
99.2896
100.3540
101.5264
102.5635
103.6934
104.8599
105.9365
106.9829
108.1313
109.2705
110.2915
111.4277
112.6230
113.6318
114.7183
115.8506
116.9453
117.9414
119.0601
120.2642
121.2988
122.3301
123.4287
124.5483
125.5366
126.6152
127.7827
128.8062
129.8457
130.9541
132.0547
133.0981
134.2334
135.3589
136.3345
137.2563
138.1519
138.9634
139.7490
140.5596
141.4912
142.4902
143.6646
144.7896
145.7344
146.7026
147.6733
148.6836
149.6519
150.6870
151.7866
152.8662
153.8916
154.9897
156.1260
157.1294
158.1406
159.1484
160.1396
161.2651
162.4204
163.4453
164.4702
165.5571
166.6519
167.6240
168.6353
169.7031
170.7617
171.7725
172.7949
173.8682
174.8408
175.8506
176.8809
177.8281
178.8140
179.8340
180.8086
181.6704
182.4482
183.1753
184.0103
184.9663
185.9395
186.9209
187.9761
189.0132
189.9155
190.8452
191.7954
192.7036
193.6074
194.5674
195.6113
196.6143
197.5776
198.5688
199.5493
200.4546
201.2949
202.1177
202.9277
203.7280
204.5396
205.4258
206.3931
207.2617
208.1299
208.9854
209.7983
210.5869
211.4170
212.2769
213.1279
213.9663
214.8120
215.7383
216.7544
217.8218
218.8413
219.9082
221.0103
222.0303
223.0928
224.2036
225.2749
226.3267
227.3853
228.4526
229.4263
230.4663
231.5347
232.5747
233.6001
234.6880
235.7793
236.7861
237.7163
238.7070
239.7646
240.8389
241.8013
242.8062
243.8730
244.8613
245.8760
246.9097
247.9351
248.8872
249.8867
250.9248
251.9141
252.8511
253.8496
254.8481
255.8354
256.7720
257.7520
258.7451
259.6958
260.6069
261.5557
262.5566
263.5313
264.4790
265.4932
266.5464
267.4941
268.4604
269.4370
270.3555
271.2681
272.1973
273.1445
274.0127
274.9155
275.8564
276.8506
277.7896
278.7905
279.7998
280.7832
281.7339
282.7104
283.6841
284.6104
285.5698
286.5659
287.5635
288.4883
289.4316
290.4292
291.4072
292.3188
293.3208
294.3232
295.2969
296.2773
297.2568
298.2715
299.1904
300.1392
301.1123
302.1079
303.0679
304.1313
305.1763
306.1387
307.0469
307.9775
308.9351
309.8706
310.8110
311.7554
312.7163
313.5952
314.5083
315.4287
316.3306
317.1938
318.1172
319.0776
320.0308
320.9287
321.8550
322.7964
323.7036
324.5698
325.4492
326.3472
327.2168
328.1025
329.0264
329.9766
330.8818
331.8242
332.7563
333.6958
334.5723
335.4795
336.3940
337.3213
338.2026
339.1045
340.0464
340.9834
341.8823
342.8228
343.7632
344.6772
345.5576
346.4966
347.4629
348.3984
349.3081
350.2744
351.2417
352.1563
353.0771
354.0024
354.9385
355.8062
356.7241
357.6621
358.6040
359.4854
360.3853
361.3076
362.2300
363.0928
363.9951
364.9136
365.8467
366.7280
367.6372
368.5522
369.4595
370.3286
371.2290
372.1338
373.0313
373.9092
374.8662
375.8330
376.7734
377.6553
378.5513
379.4663
380.3760
381.2529
382.1743
383.1108
384.0786
384.9482
385.8481
386.7622
387.6978
388.5649
389.4731
390.3823
391.3232
392.2080
393.1230
394.0669
395.0200
395.9268
396.8364
397.7578
398.7134
399.6108
400.5596
401.5259
402.4834
403.3994
404.3452
405.2832
406.1812
407.0552
407.9438
408.8618
409.7920
410.6719
411.6030
412.5469
413.4868
414.3555
415.2607
416.1416
417.0313
417.8643
418.7544
419.6509
420.5518
421.4146
422.2666
423.1587
424.0518
424.9258
425.7622
426.6421
427.5161
428.3950
429.2314
430.0933
430.9731
431.8740
432.7085
433.5732
434.4380
435.3008
436.1362
436.9736
437.8315
438.7305
439.6460
440.5083
441.3945
442.2813
443.1738
444.0400
444.8926
445.7681
446.6519
447.5303
448.3950
449.3066
450.2534
451.1855
452.0708
452.9585
453.8652
454.7554
455.6025
456.4736
457.3560
458.2397
459.0825
459.9502
460.8638
461.7563
462.6040
463.4395
464.2393
464.9897
465.6904
466.3931
467.0688
467.7256
468.3784
469.1001
469.8730
470.6250
471.3276
472.0391
472.7427
473.4380
474.1211
474.7949
475.4595
476.1392
476.8115
477.4976
478.1699
478.8276
479.4941
480.1987
480.9282
481.7158
482.5459
483.4170
484.2432
485.0269
485.7876
486.5664
487.3506
488.2383
489.1143
490.1353
491.0005
491.9087
492.8330
493.6318
494.3633
495.0791
495.7461
496.4390
497.0947
497.8237
498.6216
499.3950
500.1118
500.8491
501.5576
502.2700
502.9736
503.6699
504.3877
505.1201
505.8809
506.5757
507.3647
508.1143
508.9009
509.7588
510.5728
511.3760
512.2432
513.1240
513.9761
514.7886
515.5547
516.2705
516.9482
517.6362
518.3438
519.0400
519.7803
520.6226
521.5361
522.4121
523.3223
524.2222
525.1167
525.9756
526.8643
527.7324
528.5308
529.2773
530.0107
530.7310
531.4600
532.1602
532.8882
533.6357
534.3765
535.0957
535.7856
536.4507
537.1714
537.8794
538.5845
539.3057
540.1343
541.0005
541.8340
542.7153
543.6201
544.5537
545.4297
546.3271
547.2495
548.1045
548.9912
549.8740
550.7300
551.6621
552.5801
553.5029
554.3794
555.2007
555.9780
556.7422
557.5059
558.2617
559.0142
559.7632
560.4800
561.2290
562.0786
562.9268
563.8022
564.6763
565.5356
566.3687
567.2026
568.0127
568.8374
569.6597
570.5044
571.3623
572.2520
573.1167
573.9326
574.7881
575.6973
576.5791
577.4126
578.2803
579.1260
579.9443
580.8003
581.7017
582.5806
583.4014
584.2393
585.0918
585.9512
586.7920
587.6221
588.4121
589.1895
589.9072
590.6240
591.3062
591.9619
592.5977
593.2275
593.8403
594.4731
595.1265
595.8325
596.6177
597.4531
598.2793
599.1460
600.0464
600.8896
601.7388
602.5742
603.3779
604.1753
604.9941
605.8291
606.6797
607.6162
608.6484
609.5938
610.6880
611.7476
612.7144
613.6279
614.5503
615.5410
616.4678
617.4971
618.5547
619.5806
620.4707
621.3452
622.2227
623.0771
623.9946
624.8989
625.7896
626.6616
627.5776
628.4863
629.3472
630.2261
631.0703
631.8652
632.7046
633.5264
634.3374
635.2070
636.0488
636.8281
637.5625
638.3027
639.0146
639.7153
640.4409
641.1367
641.8701
642.6519
643.3735
644.1211
644.9048
645.7026
646.4902
647.3125
648.1484
649.0117
649.8721
650.7681
651.6846
652.5532
653.4507
654.3491
655.2520
656.1284
657.0327
657.8975
658.7075
659.5249
660.3418
661.1792
662.0806
662.9810
663.8965
664.7241
665.5703
666.4297
667.2627
668.0815
668.9219
669.7900
670.6440
671.5381
672.4380
673.2871
674.1899
675.0820
675.9546
676.8218
677.6821
678.5698
679.4170
680.2656
681.0576
681.8188
682.5430
683.2363
683.9668
684.6631
685.3550
686.0693
686.8140
687.6084
688.4297
689.2573
690.0830
690.9072
691.7246
692.5259
693.3340
694.1699
695.0303
695.8911
696.8149
697.7813
698.7114
699.5308
700.2935
701.0381
701.8340
702.7300
703.7075
704.6743
705.5889
706.4292
707.3188
708.2002
709.0991
709.9155
710.7871
711.6250
712.4453
713.3110
714.1787
715.0229
715.9150
716.7876
717.6396
718.5313
719.3911
720.2173
721.0332
721.9097
722.8403
723.7588
724.6060
725.4795
726.3550
727.2090
728.0781
728.9243
729.7437
730.5664
731.4233
732.2798
733.1162
733.9854
734.8457
735.6836
736.5327
737.3740
738.1821
738.9443
739.7314
740.5269
741.3662
742.2036
743.0820
743.9351
744.7114
745.4814
746.2275
747.0010
747.7788
748.6074
749.4346
750.2246
750.9917
751.7476
752.4878
753.1958
753.8911
754.6206
755.4526
756.3315
757.1821
758.0244
758.8682
759.6494
760.4346
761.2349
762.0884
762.9521
763.8462
764.7632
765.6650
766.5571
767.4697
768.3936
769.2358
770.1147
770.9546
771.7612
772.5483
773.3213
774.1533
774.9966
775.8335
776.6899
777.5684
778.4536
779.2983
780.0645
780.8057
781.5601
782.3184
783.0918
783.8936
784.7109
785.5493
786.3750
787.2568
788.1450
789.0439
789.9453
790.8672
791.7681
792.6338
793.4336
794.2524
795.0630
795.8857
796.7476
797.6421
798.5166
799.3984
800.2876
801.1421
801.9663
802.7266
803.5410
804.3271
805.1143
805.9736
806.8735
807.7983
808.6309
809.5225
810.4087
811.2456
812.0830
812.9331
813.7563
814.5659
815.3452
816.1045
816.8149
817.5342
818.2554
819.0264
819.8833
820.7739
821.6680
822.5645
823.3931
824.1470
824.8560
825.5474
826.2246
826.9360
827.7065
828.4497
829.2153
829.9390
830.6382
831.3057
832.0684
832.7949
833.5967
834.4580
835.2798
836.1675
837.0659
837.9863
838.8662
839.7554
840.6299
841.4619
842.3047
843.1289
843.9321
844.6646
845.4048
846.1611
846.9473
847.8467
848.7666
849.6621
850.5122
851.3643
852.1724
852.9829
853.7974
854.6377
855.4219
856.2329
857.0664
857.9248
858.7554
859.6094
860.4639
861.2676
862.0205
862.8027
863.5903
864.4229
865.2373
866.1128
867.0059
867.8164
868.6392
869.4663
870.2900
871.0933
871.9204
872.7290
873.5112
874.3062
875.0449
875.7808
876.5439
877.3096
878.1255
878.9619
879.7822
880.5845
881.4126
882.2354
883.0259
883.8354
884.6401
885.4155
886.1553
886.9155
887.7192
888.4839
889.2412
889.9917
890.7295
891.4370
892.1260
892.8613
893.5864
894.3057
895.0718
895.8403
896.6504
897.4492
898.2847
899.1367
899.9722
900.7827
901.6021
902.4458
903.2817
904.0903
904.9219
905.7476
906.5479
907.3521
908.1509
908.9351
909.6606
910.4165
911.1567
911.8911
912.6357
913.4019
914.1934
914.9609
915.7759
916.6172
917.5249
918.3867
919.2642
920.0938
920.8569
921.5728
922.2383
922.9072
923.5591
924.2075
924.8838
925.6411
926.7129
927.6255
928.4912
929.3335
930.1670
930.9746
931.7295
932.4595
933.1548
933.8369
934.5308
935.2378
935.9971
936.8052
937.6099
938.4126
939.2881
940.1523
941.0112
941.8110
942.5879
943.3340
944.1440
944.9438
945.8032
946.6895
947.5874
948.5020
949.4170
950.3018
951.1172
951.9287
952.7080
953.4297
954.1675
954.8721
955.5986
956.3545
957.1914
958.0566
958.9951
959.8701
960.7534
961.6060
962.4243
963.2163
964.0039
964.7764
965.5361
966.3115
967.1196
967.9644
968.7827
969.6323
970.4639
971.2725
972.0327
972.7969
973.5459
974.3018
975.0234
975.7651
976.5273
977.2656
978.0059
978.7456
979.5352
980.3555
981.1416
981.9873
982.8608
983.7065
984.5220
985.3486
986.1768
986.9912
987.7803
988.5854
989.4795
990.3213
991.1948
992.0767
992.9395
993.7378
994.5903
995.4043
996.2256
997.0923
997.9883
998.8799
999.7295
1000.6006
1001.4263
1002.2031
1002.9639
1003.7134
1004.4658
1005.1714
1005.8979
1006.6436
1007.4404
1008.2544
1009.0918
1009.9404
1010.7852
1011.5737
1012.3711
1013.1807
1013.9556
1014.7285
1015.5112
1016.2646
1017.0049
1017.7207
1018.4028
1019.0991
1019.8340
1020.5400
1021.2710
1022.0645
1022.9072
1023.7539
1024.5698
1025.3799
1026.1719
1026.9136
1027.6123
1028.3140
1029.0313
1029.7686
1030.5273
1031.4302
1032.4243
1033.4097
1034.4360
1035.4214
1036.2900
1037.1167
1037.9048
1038.6738
1039.3989
1040.1563
1040.9292
1041.6743
1042.4771
1043.2891
1044.1230
1044.9268
1045.7197
1046.5464
1047.3911
1048.2324
1049.0854
1049.9307
1050.7627
1051.5464
1052.3647
1053.1377
1053.9233
1054.6948
1055.4893
1056.2813
1057.0415
1057.8208
1058.6191
1059.4478
1060.2534
1061.0869
1061.9077
1062.7046
1063.4360
1064.1841
1064.9463
1065.6934
1066.4277
1067.2061
1068.0078
1068.8330
1069.6255
1070.4180
1071.2134
1072.0576
1072.8828
1073.6548
1074.4375
1075.2046
1075.9678
1076.7275
1077.4619
1078.2441
1079.0791
1079.9209
1080.8086
1081.6748
1082.5298
1083.3271
1084.1382
1084.9116
1085.6650
1086.4502
1087.2275
1088.0146
1088.7666
1089.5747
1090.3936
1091.2310
1092.0479
1092.8262
1093.5933
1094.3579
1095.1035
1095.8442
1096.6421
1097.4634
1098.2861
1099.0972
1099.9614
1100.8232
1101.6836
1102.5015
1103.3149
1104.1084
1104.8887
1105.6221
1106.4048
1107.1333
1107.8325
1108.5010
1109.1396
1109.7915
1110.4395
1111.0869
1111.7148
1112.3555
1113.0830
1113.8477
1114.5483
1115.2969
1116.0347
1116.7598
1117.4604
1118.1294
1118.7915
1119.4824
1120.1743
1120.8530
1121.5356
1122.2051
1122.8916
1123.6348
1124.4326
1125.3525
1126.2837
1127.2007
1128.1133
1129.0234
1129.8931
1130.6812
1131.4609
1132.1909
1132.9263
1133.6440
1134.3867
1135.1802
1136.0317
1136.8018
1137.5640
1138.2998
1139.0269
1139.7300
1140.4409
1141.1875
1141.9175
1142.6094
1143.3130
1144.0098
1144.7178
1145.4419
1146.1670
1146.8892
1147.5938
1148.3359
1149.0825
1149.9087
1150.7095
1151.5664
1152.4404
1153.3340
1154.1626
1154.9883
1155.8047
1156.5864
1157.3789
1158.2256
1159.0703
1159.8945
1160.6953
1161.4893
1162.2910
1163.0811
1163.9087
1164.7446
1165.6323
1166.4810
1167.3481
1168.1958
1169.0249
1169.8335
1170.6436
1171.4839
1172.3555
1173.1919
1174.0742
1174.9277
1175.8022
1176.6025
1177.4238
1178.2646
1179.1089
1179.9136
1180.7476
1181.5845
1182.4121
1183.2153
1184.0063
1184.7715
1185.5215
1186.2842
1187.1406
1187.9663
1188.7568
1189.6162
1190.4751
1191.2959
1192.1328
1192.9653
1193.7632
1194.5161
1195.2725
1195.9775
1196.6836
1197.3813
1198.0864
1198.7876
1199.4736
1200.1660
1201.0298
1201.8105
1202.6411
1203.4424
1204.2183
1204.9624
1205.7290
1206.4634
1207.2705
1208.0298
1208.8218
1209.6416
1210.5532
1211.4248
1212.2896
1213.1548
1214.0039
1214.7930
1215.6289
1216.4678
1217.2935
1218.0488
1218.8218
1219.6831
1220.6270
1221.6016
1222.5474
1223.4688
1224.3027
1225.1299
1225.9448
1226.7329
1227.5249
1228.2964
1229.0718
1229.9199
1230.7754
1231.6279
1232.4839
1233.3608
1234.1836
1234.9575
1235.7197
1236.4536
1237.2002
1237.9253
1238.6841
1239.4438
1240.2563
1241.0449
1241.8828
1242.7280
1243.5991
1244.3901
1245.1973
1246.0005
1246.7983
1247.5371
1248.2939
1249.0439
1249.7998
1250.5732
1251.3477
1252.1641
1253.0562
1253.9253
1254.8193
1255.7207
1256.5737
1257.3979
1258.2021
1258.9927
1259.7432
1260.5293
1261.3994
1262.3657
1263.2656
1264.1143
1264.9277
1265.7524
1266.5723
1267.3628
1268.1167
1268.9019
1269.6948
1270.5244
1271.4180
1272.3516
1273.2354
1274.1445
1275.0142
1275.8140
1276.5923
1277.3447
1278.1040
1278.8516
1279.6763
1280.5122
1281.3730
1282.1797
1283.0205
1283.8657
1284.7231
1285.5591
1286.4419
1287.3521
1288.2427
1289.0869
1289.9194
1290.7139
1291.4531
1292.1729
1292.8975
1293.6636
1294.4150
1295.1543
1295.9268
1296.6436
1297.3267
1298.0234
1298.7031
1299.3901
1300.0903
1300.8169
1301.5063
1302.1758
1302.8467
1303.5034
1304.1729
1304.8716
1305.6299
1306.4014
1307.1968
1308.0010
1308.8457
1309.6694
1310.4883
1311.2749
1312.0942
1312.9604
1313.8394
1314.6230
1315.3770
1316.1245
1316.8594
1317.6377
1318.4736
1319.2500
1320.0591
1320.8892
1321.6826
1322.4097
1323.1396
1323.8594
1324.5532
1325.2422
1325.9248
1326.6782
1327.5903
1328.4600
1329.2642
1330.0996
1330.9111
1331.7539
1332.5430
1333.3486
1334.1572
1334.9395
1335.6621
1336.3672
1337.1519
1338.0693
1338.9971
1339.8647
1340.8198
1341.7866
1342.7178
1343.6064
1344.5093
1345.4292
1346.2896
1347.1650
1348.0493
1348.9355
1349.8071
1350.7334
1351.7007
1352.6621
1353.5396
1354.4355
1355.3193
1356.1924
1356.9946
1357.8267
1358.6421
1359.5078
1360.3643
1361.3325
1362.3486
1363.3032
1364.2944
1365.2734
1366.1743
1366.9868
1367.8057
1368.6226
1369.4712
1370.2783
1371.1250
1371.9678
1372.7993
1373.5542
1374.3184
1375.1069
1375.8960
1376.6616
1377.4883
1378.2505
1378.9985
1379.6963
1380.3848
1381.0801
1381.8062
1382.5698
1383.2622
1383.9668
1384.6694
1385.3955
1386.1548
1386.9702
1387.8066
1388.5493
1389.2578
1389.9648
1390.6738
1391.4253
1392.1611
1392.8735
1393.5913
1394.3115
1395.0088
1395.7334
1396.4570
1397.2002
1397.9961
1398.8291
1399.6709
1400.5703
1401.4834
1402.3530
1403.2607
1404.1514
1404.9976
1405.8535
1406.7036
1407.5259
1408.3555
1409.1685
1409.9863
1410.7495
1411.5166
1412.3164
1413.1333
1413.9409
1414.7915
1415.6553
1416.4922
1417.2729
1418.0791
1418.9092
1419.7808
1420.6636
1421.5811
1422.5029
1423.4058
1424.2412
1425.0757
1425.9170
1426.7671
1427.5923
1428.4722
1429.3433
1430.1802
1430.9546
1431.7339
1432.5205
1433.3423
1434.1553
1434.9722
1435.8135
1436.6895
1437.5371
1438.4116
1439.2686
1440.0835
1440.8154
1441.5215
1442.1807
1442.8208
1443.4482
1444.0923
1444.8267
1445.5952
1446.3916
1447.1753
1447.9961
1448.8809
1449.7451
1450.5137
1451.3076
1452.1050
1452.8926
1453.6719
1454.4473
1455.1992
1455.9409
1456.6465
1457.3765
1458.0786
1458.7822
1459.5088
1460.2705
1461.0747
1461.8369
1462.5815
1463.3247
1464.0303
1464.7212
1465.4028
1466.0708
1466.7197
1467.3696
1468.0190
1468.6865
1469.3711
1470.0620
1470.8086
1471.5493
1472.3237
1473.1030
1473.9092
1474.6846
1475.4570
1476.2427
1477.0000
1477.7119
1478.4272
1479.1855
1480.0659
1481.0181
1481.8965
1482.8271
1483.7832
1484.7217
1485.5640
1486.4097
1487.2378
1488.0923
1488.8730
1489.6748
1490.4731
1491.2573
1492.0137
1492.7539
1493.4673
1494.2026
1494.9897
1495.8145
1496.6318
1497.4707
1498.3335
1499.2021
1500.0127
1500.8438
1501.7075
1502.5615
1503.3672
1504.1621
1504.9839
1505.8374
1506.6987
1507.5903
1508.5278
1509.4292
1510.2969
1511.1631
1512.0112
1512.8745
1513.6685
1514.4829
1515.3198
1516.1782
1516.9829
1517.8247
1518.6406
1519.4131
1520.1904
1520.9893
1521.8462
1522.6494
1523.4409
1524.2876
1525.1577
1526.0200
1526.8125
1527.6055
1528.3906
1529.1724
1529.9136
1530.6963
1531.4868
1532.3286
1533.1279
1533.9775
1534.8125
1535.6211
1536.3901
1537.1445
1537.9014
1538.6870
1539.5762
1540.5000
1541.3984
1542.2798
1543.2056
1544.0732
1544.8828
1545.7271
1546.6011
1547.4814
1548.2651
1549.0347
1549.7539
1550.4424
1551.1216
1551.8750
1552.6265
1553.4238
1554.1973
1555.0278
1555.8262
1556.6689
1557.4961
1558.2876
1559.0991
1559.9351
1560.7681
1561.5527
1562.3975
1563.2285
1564.0869
1564.9990
1565.9351
1566.8027
1567.7158
1568.5811
1569.3975
1570.1777
1570.9487
1571.7446
1572.5386
1573.3589
1574.2183
1575.0908
1575.9414
1576.8394
1577.7427
1578.6128
1579.4219
1580.2563
1581.1050
1581.9746
1582.7910
1583.6655
1584.5645
1585.4561
1586.2876
1587.1309
1587.9634
1588.7788
1589.5527
1590.3682
1591.2236
1592.0771
1592.9297
1593.8179
1594.6978
1595.5098
1596.3687
1597.1792
1597.9565
1598.6973
1599.4517
1600.2314
1600.9980
1601.8091
1602.6826
1603.5928
1604.4458
1605.3511
1606.2441
1607.0474
1607.8394
1608.5986
1609.3862
1610.1450
1610.9673
1611.8096
1612.6406
1613.4355
1614.2739
1615.0566
1615.7798
1616.5000
1617.1929
1617.8633
1618.5264
1619.1748
1619.8540
1620.5493
1621.2632
1622.0063
1622.7876
1623.5771
1624.3779
1625.1479
1625.9590
1626.7427
1627.4824
1628.1880
1628.9014
1629.6011
1630.3291
1631.0566
1631.8164
1632.7041
1633.5869
1634.4395
1635.3096
1636.1733
1636.9629
1637.7134
1638.4883
1639.3101
1640.1670
1640.9775
1641.8345
1642.6992
1643.5225
1644.3716
1645.2241
1646.0444
1646.8950
1647.7505
1648.6089
1649.4727
1650.3345
1651.1650
1651.9546
1652.7832
1653.6431
1654.5132
1655.3276
1656.1836
1656.9829
1657.7275
1658.4341
1659.1011
1659.7646
1660.4092
1661.0498
1661.7422
1662.7134
1663.6323
1664.5776
1665.5103
1666.4023
1667.2300
1667.9951
1668.7104
1669.4409
1670.2275
1671.0283
1671.8369
1672.6333
1673.4058
1674.1963
1674.9463
1675.7285
1676.5225
1677.3154
1678.1343
1678.9927
1679.8477
1680.6689
1681.4951
1682.2695
1683.0039
1683.7529
1684.5073
1685.3018
1686.0840
1686.8965
1687.7476
1688.5542
1689.2969
1690.0093
1690.7139
1691.4390
1692.1621
1692.9429
1693.7563
1694.5728
1695.3281
1696.1250
1696.9043
1697.6538
1698.4189
1699.1567
1699.9175
1700.6724
1701.5122
1702.3330
1703.1948
1704.0063
1704.8203
1705.6187
1706.3843
1707.1567
1707.9463
1708.7300
1709.4785
1710.2417
1710.9756
1711.7397
1712.4570
1713.2173
1713.9580
1714.6934
1715.4751
1716.2524
1716.9932
1717.7173
1718.4648
1719.1812
1719.9229
1720.6855
1721.4526
1722.2021
1722.9458
1723.6699
1724.4263
1725.1680
1725.9468
1726.7397
1727.5493
1728.3120
1729.0942
1729.8335
1730.5742
1731.2861
1732.0171
1732.7969
1733.6094
1734.3892
1735.2129
1736.0693
1736.8687
1737.6880
1738.5063
1739.2900
1740.0391
1740.7778
1741.5337
1742.3076
1743.0410
1743.8022
1744.5732
1745.3579
1746.0952
1746.8506
1747.6221
1748.4092
1749.1558
1749.9053
1750.6606
1751.4209
1752.1455
1752.9141
1753.6699
1754.4092
1755.1470
1755.9014
1756.6514
1757.3867
1758.0928
1758.8540
1759.5981
1760.3291
1761.0703
1761.8154
1762.5776
1763.4092
1764.1572
1764.9468
1765.7427
1766.5303
1767.2808
1768.0430
1768.8013
1769.5259
1770.2871
1771.0630
1771.8774
1772.6333
1773.3862
1774.1343
1774.8682
1775.6084
1776.3389
1777.0947
1777.8354
1778.5703
1779.2915
1780.0122
1780.7202
1781.4155
1782.0796
1782.7808
1783.4849
1784.3633
1785.1904
1786.0757
1786.9385
1787.7231
1788.5020
1789.2593
1789.9653
1790.6440
1791.3638
1792.0562
1792.8296
1793.5981
1794.3301
1795.0000
1795.6616
1796.3267
1796.9873
1797.6279
1798.2651
1798.8867
1799.5122
1800.1753
1800.8481
1801.5068
1802.1729
1802.8223
1803.4614
1804.0859
1804.6870
1805.3081
1805.9214
1806.5557
1807.2017
1807.8296
1808.5044
1809.2295
1810.0210
1810.8320
1811.6377
1812.5723
1813.5361
1814.4722
1815.3804
1816.3198
1817.2051
1818.0083
1818.7344
1819.4155
1820.0645
1820.6914
1821.3066
1821.9648
1822.6641
1823.3369
1824.0522
1824.9116
1825.7227
1826.5620
1827.3618
1828.1489
1828.9526
1829.7090
1830.4326
1831.1758
1831.9150
1832.6216
1833.3306
1834.0225
1834.6616
1835.3340
1836.1323
1837.0874
1838.0630
1838.9370
1839.8398
1840.7412
1841.5391
1842.3511
1843.1763
1843.9800
1844.7349
1845.5347
1846.3252
1847.0830
1847.8809
1848.7046
1849.5830
1850.4458
1851.3242
1852.2007
1853.0430
1853.8228
1854.6348
1855.4385
1856.2031
1857.0322
1857.9097
1858.7949
1859.6118
1860.4473
1861.2964
1862.0703
1862.8467
1863.5952
1864.3706
1865.1206
1865.8906
1866.6885
1867.4443
1868.1831
1868.9263
1869.6694
1870.4160
1871.1855
1871.9658
1872.7690
1873.5771
1874.3877
1875.2114
1875.9644
1876.7271
1877.4888
1878.2710
1879.0537
1879.8574
1880.6836
1881.5347
1882.3540
1883.2441
1884.0811
1884.8760
1885.6011
1886.3213
1887.0737
1887.8394
1888.6289
1889.5562
1890.4980
1891.4067
1892.3057
1893.1758
1894.0161
1894.8013
1895.5674
1896.2876
1896.9907
1897.6709
1898.3438
1899.0049
1899.6538
1900.2686
1900.8965
1901.5264
1902.2212
1903.1270
1904.0376
1904.9478
1905.8750
1906.7065
1907.5415
1908.3408
1909.1230
1909.8462
1910.5684
1911.3110
1912.0332
1912.8247
1913.5859
1914.3203
1915.1187
1915.8931
1916.6318
1917.3496
1918.0459
1918.7236
1919.4224
1920.1216
1920.8125
1921.5044
1922.1768
1922.8667
1923.5386
1924.1841
1924.8413
1925.5244
1926.1875
1926.9087
1927.6377
1928.3721
1929.1245
1929.8716
1930.6240
1931.3555
1932.1494
1932.9565
1933.7861
1934.5498
1935.3052
1936.0488
1936.7876
1937.5562
1938.3394
1939.1533
1940.0596
1940.9102
1941.7061
1942.5127
1943.3120
1944.0786
1944.8677
1945.6265
1946.3896
1947.1206
1947.8428
1948.6094
1949.4448
1950.2710
1951.1724
1952.0596
1952.9180
1953.7607
1954.6294
1955.4731
1956.3188
1957.1748
1958.0269
1958.8057
1959.5313
1960.2383
1960.9253
1961.6597
1962.4272
1963.2056
1964.0552
1964.9668
1965.8677
1966.7515
1967.5967
1968.4180
1969.2305
1970.0229
1970.7871
1971.5254
1972.2651
1973.0952
1974.0098
1974.9385
1975.7393
1976.5225
1977.3359
1978.1060
1978.9229
1979.7368
1980.5913
1981.4731
1982.3447
1983.1660
1983.9893
1984.7915
1985.5884
1986.4653
1987.3491
1988.2261
1989.1377
1990.0308
1990.9521
1991.8408
1992.7222
1993.6172
1994.4800
1995.3701
1996.2300
1997.1152
1997.9897
1998.8511
1999.6460
2000.4321
2001.2085
2002.0122
2002.7817
2003.5615
2004.4053
2005.2437
2006.0791
2006.8721
2007.6470
2008.3823
2009.0903
2009.7739
2010.4956
2011.2212
2011.9521
2012.6523
2013.3525
2014.0957
2014.9282
2015.7832
2016.6255
2017.4248
2018.2012
2018.9805
2019.7339
2020.4287
2021.1577
2021.8804
2022.6177
2023.3511
2024.0991
2024.8662
2025.5781
2026.3594
2027.1465
2027.9585
2028.7690
2029.6895
2030.6143
2031.4961
2032.3584
2033.1836
2033.9795
2034.7451
2035.5186
2036.3047
2037.0552
2037.8345
2038.6279
2039.4097
2040.2422
2041.1133
2042.0176
2042.8877
2043.8008
2044.7236
2045.6187
2046.4849
2047.3066
2048.0474
2048.7524
2049.4087
2050.0796
2050.7646
2051.5894
2052.4570
2053.2524
2054.1470
2055.0576
2055.9590
2056.8154
2057.6641
2058.5249
2059.3574
2060.1533
2060.9590
2061.7896
2062.6538
2063.4727
2064.3198
2065.1479
2065.9507
2066.7290
2067.5742
2068.4526
2069.2681
2070.0708
2070.8794
2071.6675
2072.4136
2073.1938
2074.0176
2074.8643
2075.6309
2076.4277
2077.2109
2077.9673
2078.7280
2079.5098
2080.3237
2081.1196
2081.9087
2082.7329
2083.5454
2084.3442
2085.1494
2085.9531
2086.7480
2087.5190
2088.3149
2089.0981
2089.8872
2090.6099
2091.2915
2091.9551
2092.6123
2093.2876
2094.0898
2094.9580
2095.8296
2096.7129
2097.5894
2098.4170
2099.1909
2099.9624
2100.6714
2101.3853
2102.0527
2102.7290
2103.4321
2104.1641
2104.9307
2105.7646
2106.6343
2107.5269
2108.4248
2109.3159
2110.1758
2111.0474
2111.8618
2112.6426
2113.3838
2114.1182
2114.8843
2115.6846
2116.4648
2117.2969
2118.1108
2118.9326
2119.7271
2120.5415
2121.3398
2122.1226
2122.9028
2123.6943
2124.4692
2125.2256
2125.9941
2126.7734
2127.5410
2128.2876
2129.0630
2129.8530
2130.6318
2131.4092
2132.1743
2132.9487
2133.6953
2134.4434
2135.1929
2135.9307
2136.6836
2137.4653
2138.2480
2139.0332
2139.8164
2140.5742
2141.3657
2142.1050
2142.8384
2143.5635
2144.2710
2144.9702
2145.6685
2146.3975
2147.1245
2147.8916
2148.6826
2149.4658
2150.1953
2150.9312
2151.6436
2152.3262
2153.0024
2153.6689
2154.3218
2154.9565
2155.6133
2156.2920
2157.0088
2157.7734
2158.5518
2159.3770
2160.1323
2160.8677
2161.5664
2162.2393
2162.9341
2163.6704
2164.4043
2165.1284
2165.8994
2166.6870
2167.4683
2168.2324
2168.9912
2169.7354
2170.4277
2171.0962
2171.7480
2172.4058
2173.0801
2173.7842
2174.5664
2175.3301
2176.0796
2176.7930
2177.5068
2178.2065
2178.8989
2179.5928
2180.2930
2181.0317
2181.7769
2182.5376
2183.3013
2184.0386
2184.7539
2185.5317
2186.3228
2187.1841
2188.0352
2188.8652
2189.6987
2190.5024
2191.3071
2192.1006
2192.8755
2193.6392
2194.3867
2195.1353
2195.8643
2196.5762
2197.2637
2197.9829
2198.7334
2199.5527
2200.3403
2201.1445
2201.9785
2202.8184
2203.6572
2204.5010
2205.3081
2206.0601
2206.7822
2207.5112
2208.2422
2208.9629
2209.7305
2210.5010
2211.3008
2212.0996
2212.9233
2213.7744
2214.5952
2215.3887
2216.1753
2216.9487
2217.7095
2218.4209
2219.1392
2219.8574
2220.5718
2221.2612
2222.0244
2222.7876
2223.5513
2224.3403
2225.1240
2225.8799
2226.6792
2227.4355
2228.2104
2228.9180
2229.6069
2230.2920
2230.9980
2231.7485
2232.4663
2233.2368
2234.0029
2234.7383
2235.4839
2236.2134
2236.9609
2237.6880
2238.4165
2239.1323
2239.8682
2240.6035
2241.3457
2242.1152
2242.9189
2243.6841
2244.4644
2245.2261
2245.9482
2246.6719
2247.3789
2248.1489
2248.9233
2249.6631
2250.4121
2251.1650
2251.9565
2252.6899
2253.4604
2254.2422
2255.0034
2255.7451
2256.5039
2257.3003
2258.1323
2258.9321
2259.6895
2260.4697
2261.2173
2261.9453
2262.6572
2263.3921
2264.0718
2264.7725
2265.5093
2266.3267
2267.1929
2268.0229
2268.8994
2269.7129
2270.5024
2271.2554
2272.0249
2272.7305
2273.4365
2274.1333
2274.8350
2275.5005
2276.2314
2276.9565
2277.7300
2278.5381
2279.3428
2280.1470
2280.9365
2281.6987
2282.4243
2283.1348
2283.8013
2284.4683
2285.1060
2285.7119
2286.3237
2286.9775
2287.7686
2288.5830
2289.3457
2290.1094
2290.8755
2291.6191
2292.3467
2293.0581
2293.7656
2294.4775
2295.1714
2295.9072
2296.6460
2297.4243
2298.1685
2298.9849
2299.8115
2300.6162
2301.3979
2302.1729
2302.9185
2303.6455
2304.3237
2305.0703
2305.8608
2306.6792
2307.5186
2308.3638
2309.2344
2310.0864
2310.9331
2311.7773
2312.5693
2313.2959
2313.9766
2314.6538
2315.2915
2315.9087
2316.5327
2317.1636
2317.8682
2318.6514
2319.4731
2320.2583
2321.0498
2321.7930
2322.5493
2323.3086
2324.0322
2324.7334
2325.4297
2326.1226
2326.8540
2327.5562
2328.3052
2329.0244
2329.7124
2330.3989
2331.1055
2331.7886
2332.4653
2333.1655
2333.8428
2334.5298
2335.2007
2335.8882
2336.5820
2337.2617
2338.0464
2338.7734
2339.5254
2340.2271
2340.9136
2341.5767
2342.2964
2343.0317
2343.7920
2344.5776
2345.3433
2346.1816
2346.9922
2347.8193
2348.6602
2349.4448
2350.2119
2350.9873
2351.7368
2352.4399
2353.1460
2353.8652
2354.6353
2355.4204
2356.2246
2357.1045
2357.9253
2358.6431
2359.2915
2359.9736
2360.6353
2361.3335
2362.0747
2362.8877
2363.7109
2364.5088
2365.2764
2366.0083
2366.7085
2367.3657
2368.0005
2368.6367
2369.3008
2370.0186
2370.8403
2371.6841
2372.5459
2373.3984
2374.2466
2375.1211
2375.9917
